0 0.24609375 0.43515625 0.33125 0.1234375
0 0.27578125 0.55 0.19375 0.1
0 0.49140625 0.63359375 0.18203125 0.1265625
0 0.31015625 0.83671875 0.32265625 0.16015625
0 0.7046875 0.4484375 0.07734375 0.05703125
0 0.8734375 0.28359375 0.15859375 0.0796875
0 0.38828125 0.18828125 0.08359375 0.0296875
0 0.71953125 0.0765625 0.065625 0.03359375
0 0.78203125 0.16796875 0.071875 0.0234375
0 0.8078125 0.19140625 0.075 0.01640625
0 0.38984375 0.26796875 0.146875 0.04765625
0 0.58359375 0.2796875 0.13359375 0.0546875
0 0.60625 0.2234375 0.065625 0.0171875
0 0.5984375 0.19453125 0.05625 0.01875
0 0.6078125 0.16640625 0.03828125 0.01875