0 0.48671875 0.8234375 0.0375 0.03359375
0 0.459375 0.74140625 0.04921875 0.0296875
0 0.71328125 0.803125 0.04765625 0.053125
0 0.7921875 0.8984375 0.06171875 0.05
0 0.54296875 0.9265625 0.0328125 0.046875
0 0.6046875 0.8265625 0.0765625 0.0265625
0 0.615625 0.78828125 0.04453125 0.0375
0 0.5375 0.7484375 0.06171875 0.06640625
0 0.46953125 0.809375 0.1109375 0.09375
0 0.74453125 0.86171875 0.0546875 0.0375
0 0.678125 0.8953125 0.0921875 0.06640625
0 0.47109375 0.91875 0.11484375 0.07421875
0 0.45703125 0.70390625 0.06171875 0.05625
0 0.56015625 0.87578125 0.1734375 0.1