0 0.159375 0.803125 0.3125 0.21953125
0 0.41875 0.51875 0.35625 0.2265625
0 0.64921875 0.4 0.20625 0.11640625
0 0.85078125 0.528125 0.20859375 0.1140625
0 0.8359375 0.6390625 0.196875 0.1140625
0 0.78828125 0.78984375 0.175 0.17109375
0 0.67421875 0.284375 0.17265625 0.06796875
0 0.3953125 0.1671875 0.18203125 0.06796875
0 0.578125 0.19609375 0.17265625 0.06953125
0 0.72265625 0.1859375 0.09140625 0.046875
0 0.4390625 0.096875 0.11796875 0.0390625
0 0.25859375 0.1171875 0.09140625 0.034375
0 0.87109375 0.15 0.07109375 0.025
0 0.7625 0.14921875 0.10859375 0.034375
0 0.58046875 0.13359375 0.146875 0.0390625
0 0.66484375 0.09375 0.11015625 0.040625
0 0.55078125 0.07265625 0.11875 0.0375
0 0.30390625 0.0703125 0.07578125 0.034375
0 0.31484375 0.03046875 0.071875 0.0390625
0 0.38125 0.046875 0.07890625 0.025
0 0.46640625 0.06171875 0.05859375 0.0234375