0 0.56015625 0.9296875 0.21015625 0.140625
0 0.33984375 0.628125 0.1953125 0.146875
0 0.621875 0.5921875 0.171875 0.1578125
0 0.7421875 0.5171875 0.08046875 0.059375
0 0.48671875 0.48515625 0.096875 0.0875
0 0.37578125 0.3765625 0.08125 0.05
0 0.58828125 0.43203125 0.125 0.06953125
0 0.4703125 0.35078125 0.075 0.05
0 0.578125 0.3375 0.06796875 0.03671875
0 0.521875 0.2 0.08046875 0.03046875
0 0.62265625 0.23046875 0.11953125 0.03359375
0 0.64375 0.2796875 0.0328125 0.02890625
0 0.6921875 0.34140625 0.03203125 0.02578125
0 0.5859375 0.1671875 0.06640625 0.03203125
0 0.71640625 0.3015625 0.040625 0.03671875
0 0.4484375 0.11484375 0.04140625 0.03359375
0 0.484375 0.13984375 0.021875 0.01953125
0 0.34921875 0.09375 0.034375 0.02734375
0 0.53515625 0.10859375 0.0671875 0.01953125
0 0.5859375 0.1046875 0.03671875 0.01796875
0 0.571875 0.0796875 0.03046875 0.01640625
0 0.4125 0.13046875 0.0203125 0.01796875
0 0.48125 0.090625 0.0375 0.02109375
0 0.5171875 0.08125 0.0421875 0.02265625