0 0.80078125 0.90390625 0.08125 0.04375
0 0.77578125 0.78125 0.08828125 0.15234375
0 0.73984375 0.6203125 0.059375 0.121875
0 0.703125 0.4234375 0.0421875 0.07109375
0 0.69140625 0.36171875 0.03828125 0.0421875
0 0.6671875 0.2890625 0.053125 0.08359375
0 0.48359375 0.56875 0.10546875 0.05234375
0 0.58203125 0.421875 0.07265625 0.1046875
0 0.4671875 0.41796875 0.03359375 0.0203125
0 0.475 0.38125 0.040625 0.01796875
0 0.49375 0.34921875 0.0328125 0.0140625
0 0.5171875 0.3 0.0765625 0.078125
0 0.5890625 0.2203125 0.05 0.0421875
0 0.653125 0.22578125 0.025 0.02578125
0 0.6546875 0.19765625 0.01484375 0.01640625
0 0.525 0.16640625 0.0359375 0.025
0 0.6390625 0.14453125 0.02734375 0.02734375
0 0.49921875 0.5140625 0.07890625 0.02734375
0 0.59609375 0.359375 0.040625 0.02578125
0 0.5953125 0.146875 0.03671875 0.025
0 0.6203125 0.08359375 0.0171875 0.0109375
0 0.53671875 0.1453125 0.0296875 0.01796875